1.04487e-05
4.58928e-06
5.85864e-10
1.03755e-06
1.89274e-10
7.18165e-07
6.18991e-11
1.85684e-06
2.59422e-12
1.87406e-06
4.237e-07
8.34801e-18
8.34801e-18
2.0476e-06
8.2929e-10
8.34801e-18
5.07791e-07
6.73441e-10
8.34801e-18
3.12225e-10
4.60693e-10
1.65851e-06
7.1331e-07
2.1783e-08
4.15092e-06
1.49276e-06
1.52186e-06
1.47346e-05
4.27211e-10
3.61933e-07
1.06624e-06
4.69991e-07
3.90772e-10
8.09757e-16
0.000481598
6.32394e-10
1.73792e-08
8.34801e-18
1.78203e-08
4.09524e-06
2.7795e-07
3.14958e-10
8.34801e-18
8.34801e-18
1.53009e-10
7.38176e-07
2.5409e-10
1.24734e-11
6.38146e-06
1.3098e-14
4.15973e-06
2.6903e-08
3.76746e-14
8.74383e-07
1.19474e-05
8.26302e-07
1.49326e-06
4.33269e-06
1.01416e-05
4.31343e-07
2.24507e-09
1.11904e-12
4.27893e-07
1.34358e-09
6.85475e-05
3.97482e-07
8.72789e-07
1.70744e-06
4.4108e-10
2.20393e-06
3.76746e-14
1.92422e-14
1.93319e-07
2.37529e-08
8.34801e-18
1.6753e-08
8.09757e-16
8.72026e-09
4.8464e-11
5.12928e-06
2.58105e-05
5.59926e-13
1.53862e-06
1.00663e-08
3.0306e-09
1.32752e-08
7.77454e-11
2.17405e-06
1.64237e-08
1.65031e-11
8.09757e-16
6.62328e-13
1.59969e-08
1.7421e-10
1.02774e-08
4.17063e-12
1.11766e-08
3.76746e-14
1.74906e-06
3.02586e-10
9.901e-05
8.63559e-09
8.92874e-11
1.78591e-06
1.07357e-06
4.48914e-06
8.64843e-09
2.15608e-05
1.28621e-08
1.41568e-06
1.92422e-14
4.8735e-11
3.76746e-14
1.3769e-06
8.34801e-18
1.09276e-10
4.51657e-11
3.69676e-09
1.2852e-08
1.80957e-05
6.50518e-06
1.63956e-08
8.35308e-07
1.47452e-08
2.40854e-08
9.76791e-06
3.68729e-12
9.74714e-09
8.77936e-06
1.59501e-10
3.66908e-09
1.32882e-10
1.05706e-08
8.39604e-09
1.44699e-08
1.93261e-09
6.34426e-06
3.53976e-11
8.34801e-18
7.33014e-09
2.26826e-11
7.92737e-09
9.48252e-09
6.4788e-11
5.79132e-12
8.09757e-16
1.1533e-08
5.78358e-13
9.43722e-09
1.33818e-12
8.49103e-05
3.08017e-13
7.6942e-11
1.11588e-10
1.11904e-12
8.09757e-16
4.09679e-09
8.34801e-18
1.15644e-09
5.88042e-09
6.79622e-12
5.84183e-09
1.63629e-13
0.000244987
1.29173e-10
1.15409e-08
0.00023599
1.52729e-12
5.55945e-11
3.12275e-09
7.94709e-09
6.2724e-06
6.25017e-09
0.000235627
8.09757e-16
3.25628e-11
5.65024e-09
1.58736e-12
7.87166e-09
8.34801e-18
7.38365e-09
1.8173e-11
8.09757e-16
8.34801e-18
8.02301e-10
3.28123e-09
7.07647e-09
3.62993e-09
2.51146e-09
1.24734e-11
2.38278e-11
8.34801e-18
8.09757e-16
3.76746e-14
3.70123e-09
5.55429e-12
2.2429e-09
4.23038e-10
0.000106501
5.93376e-09
3.07426e-09
3.76746e-14
3.76746e-14
2.47165e-09
1.97594e-09
8.34801e-18
6.79622e-12
5.78358e-13
9.45856e-11
8.34801e-18
8.34801e-18
3.68765e-09
1.83618e-09
2.17502e-09
1.155e-13
8.34801e-18
4.54337e-12
5.78358e-13
1.29005e-12
3.76746e-14
6.52588e-12
5.35962e-11
2.97502e-09
1.4888e-09
1.72684e-09
1.9947e-13
1.63629e-13
1.3098e-14
8.09757e-16
1.11904e-12
8.09757e-16
1.54257e-09
7.57621e-10
8.09757e-16
4.92376e-09
8.34801e-18
1.03032e-09
8.34801e-18
1.62003e-09
6.25337e-10
8.34801e-18
8.34801e-18
2.66238e-10
2.05614e-13
8.09757e-16
3.76746e-14
2.44279e-11
8.34801e-18
6.47335e-10
1.17165e-10
1.56881e-09
1.2073e-10
3.8662e-10
8.34801e-18
5.42599e-11
8.34801e-18
8.34801e-18
4.77452e-10
2.69696e-10
8.09757e-16
3.08017e-13
5.51651e-10
5.78358e-13
8.09757e-16
8.34801e-18
1.25732e-10
9.09686e-12
8.34801e-18
4.31354e-10
3.76746e-14
8.34801e-18
8.24255e-11
9.2484e-11
2.05614e-13
1.92422e-14
1.92422e-14
5.78358e-13
1.82469e-11
8.34801e-18
8.34801e-18
7.56611e-12
2.86939e-11
8.34801e-18
8.34801e-18
4.36315e-12
9.10487e-12
8.34801e-18
8.34801e-18
4.7236e-12
8.34801e-18
2.05614e-13
1.19994e-12
8.34801e-18
8.34801e-18
8.34801e-18
8.34801e-18
8.34801e-18
3.98131e-13
8.34801e-18
8.38653e-12
2.89584e-13
5.78358e-13
1.58736e-12
1.76759e-12
1.63943e-12
5.78358e-13
8.09757e-16
8.34801e-18
3.54712e-13
5.78358e-13
8.09757e-16
1.92422e-14
1.92422e-14
9.67487e-13
8.09757e-16
2.11758e-13
8.34801e-18
8.34801e-18
1.11904e-12
8.09757e-16
1.92422e-14
8.34801e-18
1.92422e-14
8.09757e-16
1.92422e-14
8.09757e-16
8.09757e-16
8.34801e-18
8.34801e-18
8.09757e-16
8.09757e-16
8.09757e-16
8.34801e-18
8.09757e-16
3.76746e-14
8.34801e-18
8.34801e-18
8.34801e-18
8.34801e-18
8.09757e-16
8.34801e-18
8.34801e-18
8.34801e-18
8.34801e-18
8.34801e-18
8.34801e-18
8.34801e-18
8.34801e-18
0.000441486
0.000437914
0.000380375
1.50646e-10
0.000518709
0.000215163
0.000364172
0.000337674
3.78737e-05
0.000905632
8.34801e-18
0.000292536
0.000393651
0.000220757
0.000417381
0.000216602
3.71622e-11
0.000356582
0.000209441
0.000322965
0.000495458
0.000821523
0.000390208
0.000331323
0.000263228
0.000330941
0.000312637
0.000485811
0.000281026
0.00157617
0.000288837
3.76746e-14
0.000935797
0.000917011
0.000249938
0.000771868
1.92422e-14
0.000324155
1.92422e-14
0.000363176
0.000369244
0.000328446
0.000281927
0.000296376
0.000327274
1.22389e-11
0.000270702
0.000328957
0.000188601
0.000440091
0.000404341
2.37142e-12
0.000320064
8.34801e-18
0.000345367
0.0002259
0.000388632
0.000275841
0.000125641
0.000325476
0.000381447
0.000367356
0.000151356
1.11904e-12
0.000260831
0.000464874
6.50805e-05
0.000335344
0.000332327
0.00029356
0.000233722
0.000417314
0.000202701
0.000399346
0.000120978
0.000232315
0.000824466
0.00038448
0.000254631
0.000190712
0.00017235
0.000285501
0.00029098
0.000277099
0.000256041
0.000220919
0.000290533
0.000405438
0.000185885
0.00011926
0.000236052
0.000312
0.000365304
3.85842e-13
0.000221867
1.19327e-11
0.000283618
0.000304131
0.000274182
8.34801e-18
0.000498484
0.000231012
0.00021137
0.000208819
0.000204885
5.59926e-13
8.09757e-16
0.00017665
0.000272734
0.000718666
0.000307721
0.000554673
0.000226052
0.000178415
0.000271909
0.000162596
8.09757e-16
0.000162838
0.000234797
1.92422e-14
8.34801e-18
0.000471159
0.000104793
0.000151174
3.09428e-05
0.000199278
0.000145363
0.000123108
3.76746e-14
0.000362648
0.000284534
0.000224697
0.000117518
0.000141971
0.000196556
4.21122e-05
7.67558e-05
0.000252657
0.000608829
0.000235107
0.000227116
5.36547e-05
0.000227106
0.000156336
0.00013641
0.000196936
0.000175981
0.00017377
0.000162688
0.000161179
3.76746e-14
3.76746e-14
0.000124995
8.09757e-16
0.000103439
0.000142905
0.00015167
0.000490219
0.000155252
0.000141338
0.000145365
0.000384924
0.000131893
0.000153602
0.00015105
0.000100953
0.00010379
8.72289e-05
0.000253938
5.6708e-05
0.000190065
5.57203e-05
0.000130331
0.000120726
0.000117872
0.000109272
8.45576e-05
0.000119561
2.54118e-05
9.47756e-05
0.000107563
0.000123629
8.34801e-18
5.37331e-05
8.09757e-16
8.34801e-18
5.97569e-05
8.34801e-18
0.000102718
7.78743e-05
2.42322e-05
5.38321e-05
0.000102287
2.98785e-05
6.76427e-05
7.07465e-05
4.96423e-05
6.49116e-05
3.01946e-05
2.7101e-05
3.4491e-05
5.97569e-05
8.34801e-18
0.000150103
8.34801e-18
3.93037e-05
5.97569e-05
3.76746e-14
2.79588e-05
8.09757e-16
2.56844e-05
3.80736e-05
4.40663e-05
3.44351e-05
8.34801e-18
2.27393e-05
8.34801e-18
8.34801e-18
1.7654e-05
2.41599e-05
8.34801e-18
8.34801e-18
8.34801e-18
8.34801e-18
8.34801e-18
1.57527e-06
5.65256e-06
2.32319e-06
2.88836e-08
3.18132e-08
2.4941e-08
2.22777e-06
9.02989e-06
8.09757e-16
2.1767e-08
1.60872e-08
4.83254e-06
8.34801e-18
9.8076e-05
6.84896e-05
6.3153e-07
2.62872e-06
1.31272e-05
3.75402e-05
1.01046e-06
8.34801e-18
3.647e-10
1.03068e-08
8.637e-06
9.02026e-07
1.08983e-06
1.05506e-08
8.28666e-09
7.70529e-06
8.34801e-18
9.89175e-07
1.92586e-05
1.02804e-06
1.18637e-05
8.34801e-18
8.34801e-18
9.54692e-07
8.34801e-18
2.91283e-07
9.17838e-07
8.34801e-18
1.49633e-05
6.1671e-09
7.36285e-07
7.5297e-07
4.14975e-07
5.27337e-07
5.01848e-07
4.8538e-07
3.85266e-07
3.06163e-07
8.34801e-18
5.73711e-07
5.73456e-07
3.28602e-09
3.47129e-09
8.99663e-06
1.43338e-06
1.19994e-12
2.35287e-09
1.57584e-10
3.71092e-05
1.39231e-09
3.97809e-11
7.9071e-06
8.34801e-18
1.9947e-13
9.36333e-10
7.29244e-06
8.34801e-18
3.32654e-10
1.38702e-11
1.94089e-05
2.58655e-05
3.59977e-10
8.34801e-18
7.49524e-06
1.75139e-10
8.90744e-06
8.34801e-18
8.1208e-12
2.50853e-12
3.76746e-14
8.34801e-18
8.09757e-16
6.76539e-11
2.55924e-11
8.34801e-18
7.89725e-12
1.85327e-12
8.34801e-18
5.59926e-13
3.08017e-13
3.76746e-14
8.34801e-18
8.34801e-18
8.09757e-16
1.92422e-14
8.34801e-18
3.98131e-13
8.34801e-18
8.34801e-18
8.09757e-16
8.09757e-16
1.3098e-14
1.3098e-14
8.09757e-16
8.09757e-16
8.34801e-18
8.34801e-18
8.34801e-18
8.34801e-18
8.34801e-18
1.82595e-06
2.84764e-06
1.89175e-06
1.17907e-07
1.62955e-06
3.27504e-09
8.34801e-18
2.1302e-06
1.67392e-06
1.86718e-06
1.56894e-06
1.56069e-06
1.17385e-06
8.09757e-16
8.48654e-07
1.24437e-06
2.55686e-08
2.45121e-06
1.34403e-06
2.14464e-06
1.25465e-06
2.25646e-07
1.59178e-06
7.1385e-07
7.38763e-07
1.08693e-06
1.47095e-07
9.86637e-07
1.14478e-08
1.08341e-06
3.32356e-06
2.05614e-13
3.02235e-06
1.40794e-06
3.30563e-06
2.23749e-07
1.02154e-06
1.14321e-06
7.19986e-07
7.85465e-09
6.59069e-07
4.06696e-07
1.72131e-06
3.96683e-08
3.02229e-06
6.41879e-07
3.30994e-09
1.91618e-08
4.8856e-07
2.08023e-07
1.18067e-07
4.9964e-07
6.84923e-07
1.88292e-06
2.44684e-06
1.34374e-06
2.2904e-07
3.66221e-10
8.09757e-16
9.33781e-07
2.4416e-10
1.2465e-06
2.25936e-06
3.76746e-14
3.91239e-06
9.76323e-08
3.37966e-07
9.5869e-08
2.99505e-07
2.03744e-06
9.52669e-08
8.09757e-16
1.66897e-06
3.0727e-07
2.83185e-07
3.35379e-07
4.51539e-07
1.23355e-06
1.18696e-06
2.75928e-07
1.22493e-07
1.09599e-09
2.95994e-10
9.78274e-08
1.05835e-06
1.65514e-09
3.83411e-07
2.3712e-07
1.04334e-07
8.34801e-18
1.99476e-11
2.83301e-07
9.29119e-08
1.66189e-07
1.03973e-07
6.37356e-07
7.06739e-11
1.28363e-06
7.32878e-08
8.09757e-16
1.71502e-12
8.96678e-07
5.02982e-10
1.74146e-10
8.09757e-16
6.40427e-10
9.37758e-08
8.62386e-07
5.58427e-08
2.20443e-08
1.82619e-10
5.06606e-07
1.92422e-14
2.7296e-08
5.03881e-08
8.34801e-18
3.48292e-10
2.37442e-08
2.71725e-11
5.39978e-08
4.44778e-11
4.37836e-08
6.60464e-07
1.3072e-07
3.87597e-08
5.1239e-11
7.06023e-08
8.09757e-16
1.01048e-08
3.04853e-08
8.09757e-16
4.10912e-08
1.43924e-11
2.35961e-08
1.94437e-08
3.76746e-14
1.70274e-12
1.47857e-08
1.14925e-08
3.85739e-11
1.05237e-08
5.262e-09
3.74125e-09
2.31215e-13
5.65666e-10
8.09757e-16
8.34801e-18
8.34801e-18
2.84584e-14
6.16989e-09
8.09757e-16
8.33262e-10
4.93471e-10
8.34801e-18
7.68397e-11
8.34801e-18
8.09757e-16
8.34801e-18
8.09757e-16
8.09757e-16
8.34801e-18
8.09757e-16
8.34801e-18
8.34801e-18
8.34801e-18
8.34801e-18
8.09757e-16
8.34801e-18
8.34801e-18
8.34801e-18
1.18625e-11
1.71439e-06
5.66959e-12
3.76746e-14
8.54383e-06
5.90213e-12
2.09125e-06
1.2691e-12
1.92422e-14
8.09757e-16
1.54413e-13
6.76755e-12
8.34801e-18
8.09757e-16
1.03221e-12
2.05614e-13
1.85327e-12
3.08017e-13
1.92422e-14
8.34801e-18
2.82621e-13
3.76746e-14
2.53863e-14
1.92422e-14
8.34801e-18
8.09757e-16
1.92422e-14
8.34801e-18
8.09757e-16
8.09757e-16
8.09757e-16
8.34801e-18
8.09757e-16
8.34801e-18
8.34801e-18
8.34801e-18
8.34801e-18
8.34801e-18
8.34801e-18
8.34801e-18
4.77332e-06
2.73852e-05
4.46174e-06
7.43633e-05
7.47022e-06
1.58369e-06
4.81201e-06
2.06396e-06
8.09757e-16
1.26563e-05
2.1213e-05
1.8746e-05
1.10525e-05
2.17943e-05
4.42728e-06
8.34801e-18
5.7635e-06
1.27717e-05
6.01506e-06
4.72745e-06
2.62942e-05
8.89883e-06
8.34801e-18
3.23494e-06
2.19078e-05
2.33476e-05
1.91978e-05
3.39234e-05
1.82535e-05
2.12247e-05
3.16909e-05
2.14436e-05
6.64491e-06
9.91267e-06
4.01125e-06
5.29382e-06
2.37459e-05
3.41998e-06
1.93905e-05
9.63007e-06
8.20951e-06
7.18564e-06
9.29197e-07
5.14529e-06
1.04053e-05
3.0837e-06
3.3749e-06
2.41839e-05
1.5907e-05
8.45221e-07
2.26363e-05
1.91519e-05
4.80408e-06
1.39322e-05
1.00476e-05
1.5983e-05
2.11654e-05
2.31221e-05
3.64487e-06
1.9911e-05
2.24307e-05
4.17451e-06
1.34684e-06
3.65583e-05
2.74544e-05
3.29717e-05
5.51727e-06
1.14046e-06
1.03411e-05
2.05707e-05
2.35856e-05
2.11242e-05
1.49735e-05
2.79872e-06
4.75063e-06
3.56399e-06
3.46555e-05
2.011e-05
1.98541e-05
3.22438e-06
2.55827e-06
1.73816e-05
1.8941e-05
1.9028e-05
2.01007e-05
4.33332e-06
2.63961e-05
2.46746e-05
3.31098e-06
2.14677e-05
1.78382e-05
1.60204e-05
3.50476e-06
3.88175e-06
4.45041e-06
2.41896e-05
9.21501e-07
1.92264e-05
8.65551e-06
2.4502e-05
2.45646e-05
2.30962e-05
2.99839e-05
2.10764e-05
1.07122e-05
1.29775e-05
1.3098e-14
1.61441e-05
1.71975e-05
6.78229e-06
2.19711e-05
9.72069e-06
1.12191e-05
4.0227e-06
1.30612e-05
1.47638e-05
1.08021e-05
1.3085e-05
3.27799e-06
3.73589e-06
1.75834e-05
1.9496e-05
2.72153e-06
4.0383e-06
2.62846e-06
4.09008e-06
2.6302e-05
5.09274e-06
2.27067e-05
6.2121e-06
1.71823e-05
1.92422e-14
1.79612e-05
2.12013e-05
1.27148e-05
3.16808e-05
3.75732e-06
5.46665e-06
4.18744e-05
1.33344e-05
3.37285e-06
1.0402e-05
1.68738e-05
2.13142e-05
2.10371e-05
1.1275e-05
1.59588e-05
1.32644e-05
3.81711e-06
1.33692e-05
7.50765e-06
1.7657e-05
1.9023e-05
1.97015e-05
1.26722e-05
1.30661e-05
1.08328e-05
1.79118e-05
1.64441e-05
1.29435e-05
1.76752e-05
1.16761e-05
2.76163e-05
1.73211e-05
4.85988e-06
6.82877e-06
8.82112e-06
2.59011e-05
5.36459e-06
2.13113e-07
3.07466e-06
2.87162e-06
1.69959e-05
1.98097e-05
1.0419e-05
4.99816e-06
8.28295e-06
5.19502e-06
2.017e-05
1.64917e-05
1.72473e-05
1.68606e-05
1.9707e-05
1.59728e-05
5.47054e-06
1.284e-06
3.22905e-06
2.00352e-05
1.50519e-05
6.48079e-06
1.67194e-05
2.03813e-05
2.19803e-05
6.53959e-06
1.82104e-05
1.11071e-05
1.57149e-05
5.50397e-06
5.64543e-06
8.94339e-06
8.34801e-18
1.04682e-06
1.15965e-05
1.82638e-06
2.66236e-06
1.7204e-05
1.80376e-06
1.03946e-06
2.73984e-06
8.09757e-16
1.01334e-05
1.73071e-05
1.45297e-06
9.65497e-06
1.34428e-05
8.96971e-06
1.1862e-05
2.83612e-06
5.50827e-06
3.16861e-06
1.24016e-05
1.85652e-05
1.01236e-06
8.34801e-18
2.36529e-06
9.75738e-06
3.62698e-06
1.79068e-05
1.75716e-05
1.72898e-05
1.67308e-05
7.96981e-06
1.42024e-05
2.48921e-06
1.62922e-05
1.31864e-05
1.75059e-05
2.90964e-05
2.00754e-06
1.63426e-05
4.01377e-06
9.64641e-07
1.2737e-05
8.53875e-06
1.84054e-05
1.44348e-05
1.82348e-06
3.24336e-06
4.84236e-06
8.34801e-18
1.66528e-05
6.94811e-06
2.41034e-06
1.30876e-05
1.54703e-05
2.22914e-05
1.01473e-05
1.63253e-05
3.53062e-06
4.50096e-06
1.39509e-05
4.06992e-06
1.89434e-06
1.11849e-05
1.55821e-05
1.30369e-05
1.21957e-06
1.43609e-05
1.20377e-05
1.84166e-05
3.70497e-06
1.09448e-05
4.54365e-06
5.74318e-06
5.08602e-06
1.34207e-05
1.51851e-05
1.51778e-05
3.27299e-06
1.52819e-05
8.14162e-07
7.58182e-06
1.19167e-05
4.54885e-06
1.44724e-05
1.21797e-05
1.60001e-05
7.0106e-06
1.20356e-05
1.34489e-05
1.05496e-06
2.77296e-06
1.39796e-05
6.9395e-06
2.44493e-06
1.57756e-05
1.80685e-06
8.62821e-06
4.49601e-06
1.14975e-05
1.16942e-05
9.25132e-06
1.16984e-05
1.40156e-05
8.33703e-06
1.60276e-05
3.36356e-06
1.21176e-05
1.81605e-06
1.27384e-05
8.34801e-18
1.24943e-05
8.34801e-18
1.1228e-05
3.81358e-06
1.25949e-05
4.00775e-06
3.90088e-06
1.1051e-05
1.12357e-06
7.88527e-07
7.19398e-06
6.61158e-06
1.38306e-05
1.63605e-05
2.71043e-06
1.31654e-05
4.49158e-06
8.34801e-18
9.408e-06
6.11564e-06
2.00855e-06
1.20264e-05
1.82902e-06
1.21577e-05
1.89844e-06
7.53745e-07
8.34801e-18
3.9732e-06
1.71679e-06
8.66772e-06
4.46489e-06
1.24408e-05
6.63201e-06
1.57152e-05
2.8073e-06
1.03974e-05
9.51726e-06
2.88649e-06
1.29833e-06
3.50209e-06
1.68024e-06
3.6508e-06
8.43819e-06
1.04534e-05
3.71164e-06
1.11904e-12
8.34801e-18
3.76746e-14
1.27086e-05
1.1699e-05
1.40651e-06
9.07357e-06
6.15496e-06
8.23931e-06
1.16722e-06
2.47653e-08
5.09733e-07
1.55542e-07
1.45128e-05
1.02682e-05
1.10559e-05
4.24525e-06
1.07179e-05
8.09757e-16
1.1709e-05
1.11368e-05
1.32241e-06
3.58609e-06
5.7457e-06
3.79374e-07
1.4352e-06
8.28906e-06
1.64052e-06
9.68864e-06
7.90136e-07
1.06421e-06
1.3799e-05
1.41739e-06
1.03278e-05
1.02362e-06
9.47663e-06
1.0872e-05
8.6201e-06
9.95943e-06
9.94599e-06
1.43396e-06
1.13206e-05
1.45429e-06
2.40464e-09
4.17596e-06
3.83465e-06
1.38731e-06
7.26536e-06
3.99052e-06
2.28804e-05
9.31738e-06
8.41186e-07
6.13665e-06
9.62712e-06
5.50329e-06
3.02176e-06
7.5262e-06
8.65612e-07
6.05688e-06
5.10336e-06
1.03466e-05
2.23093e-06
2.70305e-07
1.05987e-06
7.52157e-07
8.3243e-06
1.47862e-06
6.65273e-07
2.23581e-06
9.22156e-06
1.20039e-06
1.06418e-05
3.89151e-07
2.94599e-06
8.34801e-18
1.08189e-05
2.40543e-06
9.00062e-06
9.37064e-06
9.75952e-06
1.31333e-06
5.35793e-07
9.65173e-06
9.38068e-06
1.10609e-05
9.00049e-06
4.05042e-06
7.46839e-06
7.93812e-06
9.00032e-06
2.75406e-06
5.11442e-06
7.05413e-06
1.00947e-06
8.30547e-06
9.43759e-07
3.46578e-06
1.74324e-06
1.9078e-06
7.15878e-06
7.8223e-06
1.71463e-05
2.46021e-06
4.80752e-06
2.17286e-06
5.33093e-06
1.87501e-06
8.38536e-06
2.87315e-06
8.78576e-06
6.69603e-06
7.65734e-07
4.34116e-06
7.45522e-06
4.23789e-06
7.28603e-06
8.09757e-16
1.05343e-05
7.87242e-06
1.83136e-06
6.56481e-07
8.40238e-07
1.77154e-06
5.32842e-06
7.41004e-06
7.42382e-06
1.88667e-07
9.87457e-07
8.69472e-06
6.75418e-07
3.75566e-07
3.20648e-07
5.26279e-06
2.19935e-06
8.34801e-18
3.05079e-06
7.5242e-06
8.10875e-06
7.23559e-06
6.83517e-06
8.42148e-07
6.22679e-06
8.34801e-18
3.76746e-14
3.35878e-07
5.56491e-06
8.48809e-06
6.5955e-06
1.91998e-06
4.15034e-06
5.51835e-06
6.31805e-06
8.96769e-07
4.75598e-06
3.03845e-07
4.79852e-06
5.75626e-07
6.84417e-06
2.01616e-06
1.28106e-05
2.91487e-06
6.73638e-07
3.35711e-07
2.70598e-06
6.3792e-06
3.72691e-06
2.43517e-06
2.93065e-06
6.43804e-06
1.52038e-06
2.46834e-06
7.33413e-07
1.53594e-09
9.20264e-07
5.79363e-07
1.94533e-06
2.45638e-06
1.2764e-06
4.35413e-09
6.48209e-06
5.14545e-07
1.16021e-06
8.7125e-06
4.89123e-06
3.38146e-06
2.49533e-06
7.56033e-07
7.10524e-06
4.4332e-06
5.52903e-06
1.76756e-05
2.35347e-06
3.76535e-06
5.09274e-06
5.55339e-07
5.66439e-06
9.87172e-07
5.37011e-06
4.71765e-06
3.7063e-07
2.50075e-07
9.44025e-07
3.27594e-07
2.72344e-06
5.25518e-06
4.97141e-06
5.59759e-06
5.13411e-07
8.50014e-06
1.03975e-05
4.02811e-07
7.7903e-07
1.12682e-06
8.64097e-06
8.34801e-18
5.584e-06
1.29089e-07
1.9954e-06
6.30291e-06
5.09366e-06
2.17451e-06
1.81743e-06
8.09757e-16
3.9943e-07
1.02508e-05
5.1461e-06
5.61175e-07
3.09756e-07
3.7831e-06
1.23208e-06
2.08715e-06
4.6706e-06
1.33861e-06
5.79878e-06
8.34801e-18
1.94277e-06
4.02487e-06
5.92019e-07
3.35186e-07
4.8075e-06
2.50752e-06
2.63163e-09
1.73597e-06
3.63164e-07
2.02698e-06
1.9622e-06
6.59115e-06
4.13437e-06
3.28212e-06
4.38222e-06
3.49277e-07
2.3192e-07
1.57406e-06
4.191e-06
1.11998e-06
1.23292e-06
8.29146e-08
5.69671e-06
2.03048e-07
1.98724e-06
3.82065e-07
5.79243e-06
4.80012e-07
2.68677e-07
4.57985e-06
3.71854e-06
3.46166e-06
6.39759e-06
4.64479e-06
3.4528e-06
4.89172e-06
4.9548e-06
3.94042e-06
1.3156e-06
8.242e-07
4.2207e-06
3.791e-06
7.32998e-07
3.63795e-06
1.70194e-06
3.20665e-06
5.27339e-07
3.53492e-06
4.2312e-06
9.68671e-07
2.39495e-06
3.81947e-06
4.37809e-06
4.35745e-06
8.55863e-07
2.83649e-06
6.96361e-07
3.94204e-06
5.12899e-07
8.09757e-16
3.35245e-06
1.41488e-09
3.45876e-07
5.01278e-07
3.38586e-06
5.09414e-06
2.29079e-06
3.73451e-06
2.14599e-06
1.78123e-06
3.29329e-06
3.76746e-14
3.15667e-06
8.34801e-18
4.30212e-06
4.5791e-11
3.16629e-06
2.84245e-06
2.59016e-07
6.73243e-07
3.96595e-07
1.02795e-09
6.51146e-07
3.93546e-06
3.18674e-06
2.30683e-06
3.27066e-07
4.45251e-07
3.10249e-07
2.81095e-07
8.44615e-06
1.89537e-07
8.34801e-18
2.82918e-06
8.34801e-18
7.84065e-08
2.02242e-07
2.61797e-06
3.09706e-06
8.34801e-18
2.15021e-07
7.47353e-07
2.86418e-06
3.46539e-06
2.05082e-07
2.03308e-07
6.82838e-07
1.4666e-07
9.93559e-08
1.04243e-07
2.97644e-06
2.17884e-06
8.53248e-07
2.61886e-06
5.74951e-10
4.00822e-09
2.26322e-06
2.25241e-06
1.94828e-06
1.78974e-07
5.59926e-13
2.58864e-06
2.15649e-06
1.94503e-06
1.14493e-07
2.11762e-06
2.20138e-06
1.17782e-06
1.05843e-11
2.70719e-07
2.42707e-06
5.01029e-06
1.26631e-06
1.94459e-06
2.03064e-06
1.62411e-06
1.82188e-06
4.08793e-07
8.58241e-10
2.42776e-06
8.09757e-16
1.09275e-07
3.32721e-10
6.44884e-07
4.52079e-09
1.75406e-06
1.44981e-06
6.76435e-07
5.94423e-08
6.9775e-08
1.44295e-06
8.30563e-08
1.68633e-06
3.91976e-07
5.5931e-10
3.20322e-06
1.44358e-06
1.82781e-06
2.78471e-07
6.14521e-07
9.24584e-08
2.91733e-10
1.52969e-07
1.64693e-07
1.04847e-06
1.41127e-06
8.30439e-07
6.23711e-12
6.05965e-08
2.34361e-06
1.92422e-14
1.65999e-07
1.11519e-06
4.51557e-10
8.02238e-08
1.00095e-06
1.68035e-06
3.76746e-14
6.98026e-07
1.85772e-06
4.20019e-07
7.54602e-07
7.82502e-07
1.61006e-06
9.30681e-11
1.66232e-07
5.26304e-10
1.23737e-06
7.17465e-07
1.86165e-11
3.30329e-07
1.44501e-06
5.18761e-07
3.30756e-08
6.77926e-07
3.14976e-08
8.74635e-07
2.49518e-06
5.82609e-07
4.94604e-07
3.53266e-12
6.73082e-07
7.34134e-07
8.34801e-18
3.12104e-08
3.76996e-07
8.09757e-16
2.54104e-09
1.34999e-10
6.26017e-07
8.08425e-06
2.53863e-14
2.89563e-07
1.48542e-06
8.09757e-16
2.15028e-06
1.83943e-07
1.26168e-07
1.28084e-12
1.09236e-07
6.82631e-07
8.34801e-18
7.32028e-08
4.20725e-07
8.34801e-18
5.08532e-07
8.34801e-18
6.02684e-07
3.92197e-08
2.06585e-08
6.13979e-07
8.57845e-06
2.05614e-13
3.37643e-08
4.7247e-07
3.3798e-07
3.76627e-07
4.2192e-07
9.69259e-08
1.64569e-06
2.01878e-07
1.01008e-09
5.39839e-08
3.35282e-07
3.89675e-07
4.20396e-08
1.4413e-10
3.20798e-07
3.85239e-07
2.91553e-07
4.34662e-07
1.79232e-07
5.13259e-08
2.07924e-10
1.54871e-07
2.59374e-08
1.49015e-12
5.1094e-11
4.24755e-13
2.58227e-07
7.31353e-11
1.24734e-11
2.40464e-09
2.57614e-07
2.01829e-08
1.89631e-07
2.06464e-07
7.40847e-08
8.34801e-18
5.78358e-13
2.17722e-07
1.9265e-06
8.09757e-16
8.34801e-18
1.61655e-07
8.34801e-18
5.93909e-11
8.34801e-18
1.53213e-07
1.80681e-11
5.78358e-13
1.18045e-07
1.55708e-07
2.84584e-14
1.03693e-07
1.02507e-07
6.43577e-12
4.89566e-08
1.67185e-09
8.09757e-16
8.34801e-18
8.09757e-16
1.0026e-14
6.59689e-08
1.40942e-07
8.82519e-08
4.55318e-08
2.45958e-11
2.14869e-10
1.22123e-09
4.98166e-12
8.34801e-18
1.34375e-07
1.343e-09
7.31783e-08
3.76746e-14
9.78829e-08
6.4617e-08
7.75349e-08
1.00638e-07
8.09757e-16
1.7181e-12
6.33274e-08
4.7206e-08
5.78358e-13
2.89584e-13
1.92422e-14
4.00279e-08
1.99464e-08
8.09757e-16
7.18418e-08
8.34801e-18
3.72536e-08
3.27372e-08
1.95963e-08
4.40794e-10
1.22395e-08
8.34801e-18
5.59926e-13
1.27861e-08
1.68778e-10
3.88664e-08
1.73968e-08
1.75755e-10
8.3898e-09
8.09757e-16
1.88317e-08
1.96825e-11
8.34801e-18
7.06922e-09
7.2885e-09
1.57462e-11
2.89584e-13
8.34801e-18
1.92422e-14
3.39173e-09
6.93186e-09
8.34801e-18
3.45766e-09
2.006e-09
1.92422e-14
8.34801e-18
2.20422e-09
8.34801e-18
4.3585e-10
2.22438e-09
1.67185e-09
1.92422e-14
1.45942e-10
8.09757e-16
8.09757e-16
4.18292e-12
1.18094e-10
8.33742e-10
8.34801e-18
1.75123e-10
8.34801e-18
8.34801e-18
8.34801e-18
8.34801e-18
1.53772e-10
5.83749e-11
6.51e-11
8.09757e-16
2.78888e-12
3.9904e-12
1.24947e-11
2.0824e-11
8.09757e-16
8.34801e-18
5.80891e-11
2.37142e-12
3.76746e-14
8.09757e-16
3.85842e-13
5.59926e-13
1.92422e-14
8.32816e-12
8.34801e-18
8.09757e-16
8.32816e-12
8.09757e-16
3.16163e-12
8.09757e-16
2.89584e-13
8.34801e-18
8.34801e-18
1.92422e-14
3.76746e-14
8.32816e-12
3.76746e-14
3.85842e-13
8.34801e-18
8.34801e-18
8.34801e-18
8.34801e-18
3.76746e-14
8.09757e-16
8.34801e-18
8.34801e-18
8.09757e-16
3.76746e-14
8.09757e-16
8.34801e-18
8.09757e-16
8.09757e-16
8.34801e-18
8.09757e-16
8.34801e-18
8.34801e-18
8.34801e-18
8.34801e-18
8.09757e-16
8.34801e-18
8.34801e-18
7.939e-06
3.00127e-06
3.67263e-06
2.36552e-06
9.69826e-06
1.32677e-05
1.32396e-05
3.85136e-06
8.79993e-06
3.55715e-06
1.58872e-06
6.33228e-06
2.73634e-06
1.24441e-05
7.84658e-06
3.77693e-06
4.09123e-06
1.35778e-05
3.93415e-06
5.08471e-06
8.63377e-06
8.80227e-07
1.83762e-06
3.27279e-06
2.21852e-06
1.48342e-06
1.29691e-05
7.67605e-06
8.59107e-06
9.95598e-06
1.59265e-05
1.32827e-05
6.73865e-06
7.15964e-06
1.31495e-05
7.94319e-06
8.28218e-06
1.15048e-06
4.16322e-06
3.31534e-06
1.04743e-05
1.31314e-05
6.56571e-06
6.76612e-06
1.26308e-08
2.85704e-06
1.88902e-06
9.08999e-06
1.78773e-06
2.31846e-06
1.2235e-05
1.30786e-05
5.606e-06
3.12149e-06
1.22978e-05
8.34801e-18
3.2744e-06
8.01457e-06
6.97101e-06
1.14751e-05
2.7292e-06
2.72639e-06
2.86561e-06
2.02106e-06
3.23628e-06
8.04883e-06
1.77538e-06
1.22845e-05
2.52734e-06
8.10289e-06
7.40348e-06
1.16668e-05
1.14273e-05
1.14619e-05
1.19142e-05
9.26175e-06
1.12409e-06
1.1813e-05
1.35109e-06
1.85598e-06
6.98517e-07
1.07085e-05
7.60082e-06
2.14657e-06
9.22013e-07
1.11003e-05
1.72299e-06
2.39036e-06
1.47296e-06
1.8539e-06
7.13408e-06
6.80714e-06
1.48044e-06
1.13713e-05
1.26284e-06
7.58081e-06
2.75566e-06
1.91885e-06
7.27896e-06
1.09214e-06
2.05881e-06
1.82485e-06
8.79252e-07
1.28196e-06
1.7274e-06
7.80439e-07
1.16307e-06
1.28473e-05
1.06885e-05
7.07236e-06
9.9742e-07
1.60127e-06
6.97633e-07
6.45681e-07
5.82937e-06
9.30636e-07
6.753e-06
4.20994e-06
9.89207e-06
6.09559e-06
5.68381e-06
1.04708e-05
1.01322e-06
1.15355e-06
5.37096e-06
1.11924e-05
5.73061e-06
6.86638e-06
1.04017e-05
3.54107e-07
6.65117e-06
9.48233e-06
7.95005e-06
1.02003e-05
9.93977e-06
4.99293e-06
7.28579e-06
3.58246e-07
5.95352e-07
5.98705e-07
6.37407e-06
5.90265e-06
6.04074e-06
9.49952e-06
9.93497e-06
7.39932e-06
1.08418e-05
9.24802e-06
9.85956e-06
1.02129e-06
6.43847e-06
9.84162e-06
9.2251e-06
6.37539e-06
4.15263e-06
9.3095e-06
5.76825e-06
8.55758e-06
1.42499e-06
5.74562e-06
5.43892e-06
8.5444e-06
9.28579e-06
5.55223e-06
6.67759e-07
8.45925e-06
8.37456e-06
8.34801e-18
1.31941e-06
5.24394e-06
5.56356e-07
8.23105e-06
7.65572e-06
2.59134e-06
7.79957e-06
5.20784e-06
7.85871e-06
7.00025e-07
7.56357e-06
1.60608e-06
8.69995e-06
7.1849e-06
2.49387e-08
7.15162e-06
3.72082e-06
2.72449e-07
7.62084e-06
3.22303e-06
5.81483e-07
4.5004e-06
5.13071e-06
7.32729e-06
7.4343e-06
1.41906e-06
3.85842e-13
1.54066e-06
7.08325e-06
6.51186e-06
5.29876e-06
4.77624e-06
6.2024e-06
2.75125e-07
2.26612e-06
6.97308e-06
1.90993e-06
4.41139e-06
6.89518e-06
2.37441e-07
8.66968e-07
6.55164e-06
7.1939e-06
6.35234e-06
6.38104e-06
4.39054e-06
6.72755e-07
4.00342e-06
4.27226e-06
3.43144e-07
9.20484e-07
5.7572e-06
4.18112e-06
4.43082e-06
4.55575e-06
4.50258e-06
6.83826e-06
3.36251e-06
4.35981e-06
5.95114e-06
6.11138e-06
3.87748e-06
5.60058e-06
3.65124e-06
3.7624e-06
1.97927e-06
5.69109e-07
6.8692e-06
3.68715e-06
4.06804e-06
5.6265e-06
4.04935e-06
3.15094e-07
3.77088e-06
6.11063e-06
3.22709e-06
7.61547e-07
6.83771e-07
3.03407e-07
4.01321e-07
6.4332e-07
2.98165e-06
9.09999e-07
3.77565e-06
5.39005e-06
5.16833e-06
9.66926e-07
7.62598e-09
3.76746e-14
3.68474e-06
6.13218e-07
4.45506e-07
5.28341e-06
3.56915e-07
3.65226e-06
3.91687e-06
3.40403e-06
4.69336e-06
2.30134e-07
6.57731e-06
3.44995e-06
1.88169e-08
1.55121e-06
3.0413e-06
5.164e-06
4.39658e-06
1.66102e-06
3.12059e-06
5.09197e-06
3.67914e-06
4.41983e-06
3.41429e-06
2.32073e-07
5.93424e-08
2.87815e-06
8.34801e-18
2.66107e-06
5.76908e-07
3.58552e-06
2.65582e-06
5.21549e-06
4.74157e-06
2.81066e-07
2.50412e-06
1.92422e-14
3.52125e-06
4.51556e-06
1.14929e-06
4.40595e-06
2.38902e-06
4.86175e-06
2.07048e-06
4.29857e-06
4.66031e-06
3.74128e-06
3.35227e-06
4.53407e-06
1.43296e-07
4.17323e-06
1.26234e-06
4.04052e-06
3.38182e-06
3.20701e-06
2.3612e-06
2.33857e-06
1.48719e-07
1.31785e-06
4.94388e-07
3.1021e-07
4.01822e-06
2.28312e-06
2.14172e-07
1.72798e-06
3.89891e-06
5.31858e-06
3.00913e-06
2.70933e-07
3.82636e-06
5.74728e-07
2.53165e-06
3.70375e-06
2.25284e-06
1.98239e-06
3.10356e-06
3.56579e-06
7.05134e-09
2.03773e-06
1.97699e-06
5.92053e-08
2.61275e-06
1.66892e-06
4.63752e-07
4.17065e-06
3.54833e-06
2.1262e-06
1.35713e-07
3.98678e-06
3.60654e-06
3.61848e-06
1.52809e-06
9.30489e-07
3.22863e-06
6.23548e-06
2.78646e-07
2.47273e-06
1.31685e-06
3.66755e-06
2.15613e-06
1.16236e-06
8.34801e-18
5.85565e-07
3.34881e-06
1.40458e-06
2.08084e-06
2.13999e-06
3.00849e-06
2.98969e-06
3.41162e-08
3.23874e-06
1.80958e-06
1.85899e-06
2.26226e-09
1.80234e-06
1.54626e-06
1.434e-07
1.6093e-06
4.61059e-08
3.74708e-06
5.40786e-06
1.31929e-06
2.94115e-06
1.07638e-06
1.38495e-06
1.83351e-06
1.40351e-06
3.30437e-07
6.44827e-07
2.02311e-07
5.32525e-07
2.91893e-06
3.392e-06
4.88546e-10
1.60296e-06
4.86862e-06
1.50105e-06
1.81137e-06
2.67596e-06
2.68433e-06
2.71282e-06
2.51342e-06
9.30413e-07
3.28808e-06
1.23369e-06
3.70343e-07
2.2054e-08
1.31808e-06
2.8163e-08
2.51232e-08
8.25284e-07
1.25905e-06
1.77384e-07
6.03514e-08
2.74038e-07
2.47038e-06
2.26129e-06
7.04459e-07
2.3074e-06
1.29691e-06
1.27149e-06
2.08558e-06
1.19914e-06
2.14636e-06
1.01689e-06
1.14736e-06
2.19134e-06
2.37277e-08
9.10416e-07
2.16854e-07
9.82906e-07
2.19246e-06
1.91221e-06
2.26835e-08
1.53735e-08
8.33993e-07
1.17536e-06
6.00051e-07
1.89424e-07
1.6153e-06
1.5617e-06
1.14828e-07
2.32919e-06
5.87679e-07
1.99289e-06
1.21706e-06
1.85054e-06
5.59885e-07
1.65014e-06
7.9962e-09
2.31027e-08
1.74334e-06
8.59793e-09
1.90951e-08
4.12239e-07
1.72302e-06
9.54984e-08
6.79699e-08
1.69292e-07
2.53793e-07
6.06409e-07
1.42332e-06
1.59336e-06
1.359e-08
5.30899e-07
7.70713e-09
1.33928e-06
1.77752e-09
1.36902e-06
9.19365e-07
1.21962e-07
3.86029e-08
1.28717e-08
1.31175e-06
3.76746e-14
1.81422e-06
6.87561e-07
5.5033e-07
1.18323e-06
2.44805e-06
8.34801e-18
3.32001e-07
1.2115e-06
1.361e-06
1.3243e-06
1.90639e-06
6.26087e-07
1.15811e-06
7.64107e-07
4.54177e-09
4.68834e-07
4.46679e-07
1.84795e-07
8.84058e-08
7.1592e-09
4.99969e-11
1.08768e-06
6.23038e-12
7.24643e-08
1.16227e-06
9.93887e-07
1.02759e-06
9.38279e-07
2.98036e-09
1.06989e-12
1.7044e-07
9.85746e-07
8.80261e-07
2.41702e-07
1.95946e-07
8.25229e-07
3.42095e-07
2.86879e-07
8.09757e-16
2.77769e-10
7.6715e-07
1.92422e-14
2.37025e-07
1.85072e-07
1.97612e-06
7.91289e-07
7.8404e-07
8.89203e-07
1.485e-10
7.65084e-07
6.6516e-07
5.71378e-07
4.81621e-08
3.24228e-07
8.34801e-18
3.67017e-07
4.79392e-10
3.08691e-09
3.84262e-11
2.28639e-06
3.64569e-07
4.97128e-12
3.33246e-07
6.1043e-07
3.93359e-08
1.70578e-09
8.15591e-07
1.40877e-10
2.69576e-07
2.03637e-07
1.92422e-14
5.05374e-07
8.09757e-16
8.09757e-16
8.34801e-18
2.00512e-07
6.73987e-08
6.52851e-07
2.22461e-07
5.49153e-07
1.94007e-07
5.64556e-07
1.09369e-07
8.09757e-16
5.15713e-07
4.70206e-07
4.26244e-07
8.34801e-18
1.85728e-07
3.03389e-08
1.05338e-07
5.85923e-10
1.79228e-07
5.90919e-07
4.6058e-07
4.07019e-07
2.97786e-07
4.51779e-08
1.03308e-10
4.14622e-07
1.92422e-14
3.61931e-07
3.40178e-07
1.31893e-12
1.03308e-10
9.90967e-10
2.91812e-07
2.53743e-13
1.3361e-07
3.49324e-07
8.68862e-12
1.86607e-08
2.81738e-07
1.03618e-07
8.31587e-12
1.00934e-07
5.29892e-07
3.24587e-07
3.19674e-07
1.46785e-07
1.11904e-12
2.38492e-07
8.09757e-16
2.75414e-07
2.6197e-07
9.15299e-08
8.53741e-08
8.17779e-08
8.1321e-08
1.71638e-07
1.92422e-14
1.11126e-10
1.3098e-14
5.8477e-08
8.34801e-18
5.06346e-08
6.19611e-08
2.22363e-07
1.95906e-07
8.7641e-10
3.83206e-10
4.60317e-07
8.78963e-10
1.98152e-07
8.09757e-16
1.92135e-11
7.83274e-08
9.52582e-08
9.87708e-10
1.85174e-07
2.25351e-08
3.76746e-14
6.25554e-12
2.333e-07
2.46386e-08
1.43076e-08
1.66006e-07
3.58074e-10
8.34801e-18
1.6233e-07
6.28845e-08
3.28178e-12
8.34801e-18
1.02766e-07
8.95858e-10
3.84262e-11
1.32348e-07
1.2229e-07
1.00211e-07
6.17167e-08
8.03924e-08
6.41374e-08
2.69931e-10
7.39017e-08
1.30358e-10
2.27209e-12
6.62729e-08
5.44961e-08
5.31436e-08
5.59926e-13
3.69582e-08
3.74393e-08
1.53279e-09
6.13493e-11
1.83005e-10
5.11314e-10
8.34801e-18
2.89584e-13
2.34812e-10
8.34801e-18
4.01126e-08
2.66503e-08
2.74706e-08
4.53264e-08
1.92422e-14
1.95932e-08
1.39177e-08
8.34801e-18
1.22698e-10
5.54256e-11
7.44662e-09
3.67073e-09
8.17759e-09
1.54698e-08
8.34801e-18
1.8444e-11
6.89166e-11
1.18961e-08
1.3542e-08
4.4362e-11
6.80507e-09
3.08551e-11
8.34801e-18
8.34801e-18
2.05486e-11
6.58091e-12
1.64129e-12
5.59759e-09
3.97036e-09
2.45206e-09
4.09121e-11
1.80125e-09
1.92422e-14
1.51911e-09
6.45769e-10
1.10675e-12
1.64129e-12
7.95849e-12
4.07737e-10
8.34801e-18
3.49118e-11
3.73554e-13
2.07517e-10
8.30268e-13
8.09757e-16
3.76746e-14
5.84958e-11
6.46178e-09
8.34801e-18
8.09757e-16
9.39005e-11
2.12457e-11
7.40586e-12
4.2786e-09
2.36766e-09
8.09757e-16
1.45538e-13
2.10108e-12
8.09757e-16
8.34801e-18
2.04911e-09
8.34801e-18
8.34801e-18
1.14867e-09
3.98131e-13
3.85842e-13
4.29657e-10
7.62781e-11
3.98131e-13
1.3098e-14
8.09757e-16
8.34801e-18
2.9115e-11
3.76746e-14
1.01905e-11
1.52729e-12
8.34801e-18
8.34801e-18
8.34801e-18
8.34801e-18
8.34801e-18
8.09757e-16
8.34801e-18
8.34801e-18
2.05614e-13
1.92422e-14
8.09757e-16
8.34801e-18
1.20145e-06
1.36665e-06
2.99042e-06
6.20332e-06
1.30919e-06
5.27138e-06
1.7412e-06
1.15608e-06
5.63451e-06
3.97363e-08
3.02705e-06
1.42971e-06
6.08638e-06
9.94113e-07
9.01789e-07
5.17039e-06
1.75125e-06
1.95488e-06
4.99453e-06
5.30709e-06
5.98388e-06
2.31777e-06
4.04845e-06
1.72765e-06
1.11348e-06
7.30519e-07
1.60552e-06
2.61863e-06
5.58327e-06
2.24377e-06
1.92422e-14
1.0875e-06
1.55591e-06
5.13794e-06
6.16113e-06
1.99982e-06
1.50621e-06
4.66207e-06
1.18971e-08
2.56533e-06
1.22985e-06
9.34749e-07
3.1071e-08
8.34801e-18
3.91722e-06
5.09811e-06
1.79533e-06
1.32553e-06
1.98374e-06
2.79312e-06
2.09164e-06
1.15617e-06
9.84652e-07
1.21553e-06
1.48045e-06
1.35121e-06
4.951e-06
6.07473e-07
9.44588e-07
9.37947e-07
1.98694e-06
1.07384e-06
1.61477e-06
1.38905e-06
2.61719e-06
1.80409e-06
1.46141e-06
8.06371e-07
3.94956e-06
1.11465e-06
2.90957e-06
5.50403e-11
9.43994e-07
2.38943e-06
1.14147e-06
1.45247e-06
1.8062e-06
3.67089e-06
9.07586e-07
8.34801e-18
4.27152e-06
9.31883e-07
4.12012e-06
1.28425e-06
3.241e-06
5.55312e-06
1.52417e-06
1.12629e-06
4.21548e-06
4.5948e-06
1.07246e-06
3.48861e-06
8.15304e-07
4.25462e-06
3.64557e-06
2.94619e-06
3.7475e-06
8.95012e-07
2.18662e-06
2.44147e-06
1.59798e-06
6.47846e-07
3.9558e-06
1.09442e-06
9.04144e-07
5.96068e-06
1.46239e-08
9.61515e-07
1.80215e-06
7.14922e-07
7.83285e-07
8.1406e-07
3.09592e-06
7.05919e-12
1.59592e-06
3.7904e-11
4.45146e-06
8.11216e-07
9.45493e-07
8.15987e-07
8.26901e-07
3.52144e-06
7.28049e-07
7.74299e-07
7.03341e-07
3.39263e-06
1.00016e-06
8.09757e-16
1.0896e-06
2.52652e-06
2.02085e-06
8.09757e-16
7.58966e-07
3.42944e-06
9.09402e-07
8.64586e-07
1.111e-06
4.42302e-08
4.14729e-11
3.94316e-06
4.55409e-07
6.655e-07
1.21017e-06
8.56658e-07
5.33559e-06
3.41831e-06
1.22292e-06
8.09757e-16
7.58662e-07
3.14612e-06
5.95596e-07
7.6987e-07
1.18664e-06
8.34801e-18
2.98766e-06
5.40087e-07
1.7198e-12
1.44856e-06
3.72428e-07
1.31822e-06
8.58245e-07
1.01805e-06
7.77445e-07
1.17589e-06
1.26237e-06
3.10345e-07
3.35587e-06
6.97767e-07
8.18832e-07
7.3675e-07
8.45582e-07
7.08132e-07
6.86642e-07
9.5178e-08
2.97425e-06
7.15656e-07
7.16479e-07
8.09757e-16
2.84814e-06
7.75137e-07
5.4165e-07
8.34801e-18
4.12175e-07
1.14425e-06
9.20162e-07
6.59168e-07
9.7694e-07
7.53734e-07
6.50989e-07
4.92904e-06
4.10552e-07
2.98514e-06
5.59914e-07
1.38242e-06
7.58625e-07
6.21546e-07
3.98131e-13
6.72248e-07
7.6453e-07
1.37311e-06
1.30952e-11
2.72078e-06
4.8103e-07
3.02672e-06
4.09863e-07
3.05129e-06
2.89636e-06
6.06485e-07
5.47469e-07
1.01245e-06
5.22272e-07
2.63788e-06
1.91335e-06
1.9751e-06
5.81878e-07
4.55048e-07
2.75471e-06
7.03134e-07
4.75653e-09
2.83514e-06
5.11017e-07
1.37477e-06
5.00379e-07
2.46307e-06
8.09757e-16
7.74684e-07
2.20858e-06
6.77409e-07
9.98732e-09
2.03187e-06
2.03631e-06
8.86048e-07
2.1256e-07
5.67219e-07
4.34072e-07
1.55263e-06
3.00162e-06
5.44124e-08
9.03091e-10
5.84232e-07
5.19765e-07
2.18074e-11
6.4788e-07
5.14119e-07
2.00988e-06
2.25918e-06
2.22079e-06
2.79194e-06
2.23888e-06
2.16468e-06
1.90489e-06
1.74922e-06
1.58558e-06
4.31439e-07
1.45749e-06
1.60486e-06
6.96387e-07
3.38417e-07
1.97241e-06
1.56107e-06
6.82836e-07
2.40701e-06
6.04419e-07
1.98988e-06
1.44414e-06
4.02636e-09
1.48033e-06
1.36612e-06
1.22103e-06
5.55429e-12
8.91238e-07
3.11905e-07
2.83676e-06
8.7042e-07
2.54922e-06
5.13671e-07
4.86648e-07
6.54846e-07
4.72761e-07
1.26201e-06
8.11234e-07
5.03596e-07
1.05438e-06
9.60709e-07
1.01896e-06
8.77308e-07
1.152e-06
2.9836e-07
1.44151e-06
3.85882e-07
5.34929e-07
2.7839e-10
9.47054e-07
1.30862e-07
2.35983e-07
1.07357e-06
7.04253e-07
5.10998e-07
3.33721e-10
9.17932e-07
4.66442e-07
5.89354e-07
1.12775e-06
7.46958e-07
5.1923e-07
7.67292e-07
5.68927e-07
8.71317e-07
6.81565e-07
3.9455e-07
8.34801e-18
1.11182e-10
4.81212e-07
6.08126e-07
3.44762e-11
3.45923e-07
6.63104e-07
3.14864e-07
2.81268e-07
3.33691e-08
7.28976e-07
1.22311e-10
1.44939e-06
4.21572e-07
8.15603e-07
7.74358e-07
8.42428e-07
8.05624e-07
4.14711e-07
4.10587e-07
3.86072e-07
3.32989e-07
5.76805e-07
5.62351e-07
5.45883e-07
2.49463e-07
1.28227e-06
2.269e-08
2.91713e-07
5.2196e-07
5.65304e-07
4.61034e-07
8.34801e-18
4.86616e-07
4.83323e-07
8.34801e-18
2.24461e-07
5.4158e-11
5.15452e-07
6.56944e-07
2.9664e-07
1.19806e-06
5.29729e-07
4.08294e-07
1.6944e-07
3.23801e-07
3.00319e-07
4.72884e-07
4.8894e-07
3.11144e-07
3.08813e-07
5.62482e-07
3.00604e-07
3.38744e-07
5.34911e-07
3.75099e-07
3.43945e-07
6.22051e-07
2.90483e-07
3.59362e-07
8.34801e-18
1.51591e-07
4.058e-07
3.8231e-07
2.8893e-07
4.12879e-07
8.34801e-18
2.80527e-07
1.58161e-07
3.91608e-07
3.89327e-07
2.23041e-07
3.41627e-07
4.79324e-07
1.99829e-11
2.81168e-07
3.69819e-07
2.24379e-07
3.02983e-07
1.03973e-07
2.5544e-07
1.62072e-07
6.8522e-12
3.2899e-07
2.05614e-13
2.92976e-07
1.41925e-07
1.09516e-07
3.28178e-12
2.68312e-07
1.0835e-07
4.17447e-07
3.54239e-07
3.08422e-07
1.89069e-07
1.51822e-07
2.86716e-07
4.70724e-07
4.66612e-07
2.45752e-07
8.34801e-18
2.47096e-07
3.39286e-07
1.92422e-14
2.11239e-07
1.95028e-07
2.86807e-07
2.19e-07
1.12424e-07
1.46261e-07
1.36163e-07
1.7617e-07
1.7198e-12
2.12096e-07
7.30728e-08
2.46584e-07
6.7681e-08
1.76057e-07
2.10106e-07
1.63901e-07
8.34801e-18
1.56268e-07
2.11271e-07
1.84569e-07
5.96666e-08
1.68992e-07
2.39561e-07
1.88395e-07
4.0008e-08
3.31961e-07
1.84501e-07
1.9694e-07
1.62375e-07
1.64007e-07
2.25434e-12
1.54229e-07
1.39768e-07
6.82159e-08
9.70128e-08
1.52731e-07
1.10995e-07
1.03191e-07
1.48701e-07
1.80735e-07
1.53757e-07
1.28193e-07
1.27961e-07
1.66291e-07
1.98393e-07
1.24259e-07
8.34801e-18
6.05188e-13
2.11529e-07
1.08636e-07
8.34801e-18
2.05614e-13
8.09757e-16
1.92422e-14
1.02357e-08
3.28178e-12
1.29005e-12
1.24779e-07
1.45015e-07
8.34801e-18
1.38815e-07
6.95685e-08
9.1882e-08
2.07435e-07
2.38795e-10
1.52952e-07
8.76469e-14
9.66672e-08
1.43093e-09
1.35412e-07
7.15146e-08
7.83559e-08
8.34801e-18
5.27435e-08
9.60016e-08
1.1969e-07
2.42932e-08
8.95379e-08
1.30647e-10
1.63056e-07
8.09757e-16
3.58378e-08
3.06006e-09
1.08718e-07
2.70366e-07
9.51894e-08
2.72041e-07
1.69347e-07
1.06142e-07
4.10774e-08
1.11904e-12
7.62376e-08
1.39108e-07
1.92458e-07
6.69025e-08
7.15905e-08
8.12713e-08
6.84651e-08
7.73133e-08
4.84379e-08
4.20173e-07
1.32867e-07
1.38485e-07
7.76656e-08
9.50248e-08
2.05614e-13
1.92422e-14
4.58002e-08
8.34801e-18
5.99381e-08
3.46034e-08
1.66443e-07
3.02331e-08
8.88213e-08
3.56178e-08
5.85003e-08
1.05319e-07
4.57235e-08
4.21284e-08
7.14912e-08
1.80123e-08
3.44292e-08
3.0036e-08
3.08347e-08
1.43447e-08
1.3098e-14
3.9798e-08
6.06019e-08
9.0733e-08
1.98897e-08
4.96266e-08
3.52289e-08
7.36704e-08
5.06472e-08
3.8165e-08
6.90007e-08
6.58805e-08
1.3104e-08
4.24707e-08
2.7841e-08
6.94378e-08
8.34801e-18
2.43656e-08
8.09757e-16
1.05834e-08
1.84796e-08
2.70979e-08
4.35391e-08
1.25693e-07
2.73538e-08
2.23062e-08
1.22139e-08
2.76218e-09
2.65837e-09
2.92827e-11
8.34801e-18
5.07668e-12
2.04367e-08
9.19067e-08
2.50376e-08
3.02129e-08
2.07459e-08
1.27454e-08
2.90759e-09
2.68597e-08
1.54885e-08
5.31399e-11
2.40469e-08
1.1514e-09
2.48652e-07
1.90631e-08
4.4784e-08
2.21528e-08
1.03641e-08
1.84025e-11
1.04038e-10
8.09757e-16
1.52809e-08
1.4982e-08
2.67058e-08
9.74689e-09
6.02006e-09
1.28516e-09
1.39221e-08
8.89257e-09
2.09809e-08
1.49246e-08
6.02379e-09
6.46308e-09
2.78207e-10
2.18727e-08
2.05614e-13
1.07292e-08
8.09757e-16
8.09757e-16
8.34801e-18
8.34801e-18
1.31968e-08
6.06154e-10
9.51016e-09
2.05796e-08
3.98809e-09
8.6115e-09
2.02925e-09
2.47702e-09
8.16522e-09
2.323e-09
8.34801e-18
2.05756e-11
1.78579e-09
1.90984e-11
1.84145e-09
3.6383e-09
5.90694e-09
9.96312e-09
8.34801e-18
4.83424e-09
1.3282e-08
7.81606e-10
1.29368e-08
3.19273e-10
6.76335e-09
2.17373e-09
2.94078e-09
1.66672e-09
1.45538e-13
5.20287e-11
3.4156e-09
6.22176e-09
2.76216e-09
8.09757e-16
1.04768e-09
4.51102e-09
1.92422e-14
7.08045e-12
8.34801e-18
1.23919e-12
1.12204e-10
3.91171e-09
9.29598e-13
1.58315e-09
7.07927e-10
1.11904e-12
1.45538e-13
2.38679e-09
1.15289e-09
9.78031e-10
8.09757e-16
5.10659e-12
6.93272e-10
1.3098e-14
1.95841e-09
3.14396e-10
4.24814e-11
1.15567e-09
1.00135e-09
1.86781e-10
4.09836e-10
1.24734e-11
9.76999e-12
4.38039e-10
8.34801e-18
8.38437e-11
5.55429e-12
4.26899e-10
2.24406e-10
1.80689e-09
6.29881e-10
3.76746e-14
3.97453e-10
1.9709e-10
2.17829e-12
2.30612e-10
1.09194e-10
3.36822e-10
6.24116e-11
1.70372e-10
1.19168e-10
4.62034e-11
8.34801e-18
1.39203e-11
4.90383e-12
1.19168e-10
4.19222e-11
4.90383e-12
8.43364e-12
8.34801e-18
1.62677e-10
9.91837e-12
8.44741e-11
1.65289e-11
4.55476e-13
1.74243e-10
8.34801e-18
5.11068e-12
8.34801e-18
2.05614e-13
8.34801e-18
8.34801e-18
8.34801e-18
8.34801e-18
1.29005e-12
2.49542e-11
4.05338e-12
3.76746e-14
8.34801e-18
2.05614e-13
8.09757e-16
8.34801e-18
2.60503e-11
8.34801e-18
2.61207e-12
4.78832e-12
1.11904e-12
8.34801e-18
1.11904e-12
1.49844e-12
1.3098e-14
8.34801e-18
3.76746e-14
4.75956e-13
2.988e-13
2.31215e-13
8.09757e-16
8.09757e-16
8.34801e-18
2.05614e-13
1.92422e-14
3.76746e-14
8.34801e-18
8.34801e-18
1.0026e-14
8.34801e-18
8.34801e-18
8.34801e-18
1.92422e-14
8.09757e-16
8.09757e-16
8.34801e-18
8.34801e-18
8.34801e-18
1.92422e-14
8.09757e-16
8.34801e-18
8.09757e-16
8.34801e-18
8.34801e-18
8.09757e-16
8.34801e-18
8.34801e-18
8.09757e-16
8.09757e-16
8.34801e-18
8.34801e-18
8.34801e-18
8.34801e-18
8.34801e-18
8.34801e-18
8.34801e-18
8.34801e-18
8.34801e-18
8.34801e-18
6.04797e-07
1.5264e-06
8.16087e-09
8.78468e-07
1.61019e-08
3.0899e-07
3.68736e-07
1.29005e-12
1.29587e-08
1.29635e-08
4.06133e-11
1.37038e-06
9.3381e-07
1.57959e-06
8.34801e-18
1.68953e-06
8.34801e-18
7.78522e-07
2.65703e-07
9.26008e-07
4.30146e-08
3.24392e-07
3.30128e-07
3.42186e-07
9.7522e-07
1.08012e-06
2.45039e-07
3.40395e-07
5.01509e-09
1.96832e-07
6.01097e-07
2.95709e-07
2.87162e-07
5.65533e-07
1.36973e-06
6.76267e-07
1.06888e-08
2.26734e-07
1.25687e-06
3.90257e-09
7.16083e-07
3.86059e-08
3.92554e-07
8.66167e-07
2.85955e-07
4.24309e-07
2.35027e-07
5.54606e-07
2.30771e-06
1.74476e-07
5.31845e-07
1.50584e-06
1.2161e-07
7.37513e-09
5.64664e-07
1.02026e-06
2.56494e-07
1.76877e-07
5.98025e-07
9.73495e-07
1.8163e-06
1.23849e-07
2.31132e-07
5.26354e-08
6.81218e-07
7.71844e-08
7.67992e-07
1.27268e-07
5.04397e-07
2.90579e-07
3.89337e-07
1.44037e-07
6.47027e-08
1.22402e-07
1.8467e-07
1.04308e-06
4.27584e-09
1.35036e-06
2.92251e-07
2.62492e-07
6.65174e-07
1.35476e-06
8.03205e-09
1.34627e-06
3.55415e-07
1.77857e-07
2.14261e-07
2.85029e-07
6.95462e-07
6.36313e-07
1.26114e-06
1.43076e-06
1.46542e-07
2.08686e-13
8.91132e-09
2.0561e-07
2.68591e-07
2.1385e-07
1.62565e-07
4.13119e-09
8.7465e-09
8.19632e-09
9.86227e-08
5.19276e-07
6.85695e-09
9.8565e-07
1.25847e-06
1.75943e-07
7.66971e-07
3.37905e-09
2.79655e-07
1.83621e-07
6.92302e-09
8.70877e-07
2.53863e-14
8.85886e-07
8.71324e-08
1.12006e-07
3.01265e-07
4.70871e-07
1.11248e-06
1.19513e-07
8.59216e-07
1.34957e-07
2.25257e-07
1.64649e-07
2.83208e-07
1.36978e-07
4.33811e-07
1.05553e-08
5.69963e-09
1.38946e-07
7.0424e-08
8.34801e-18
3.56378e-10
4.6347e-08
5.42048e-07
1.13031e-06
3.87716e-07
6.72752e-07
5.20828e-07
6.60995e-07
2.43929e-10
1.1533e-11
1.34821e-07
6.97218e-08
5.83081e-08
9.4817e-08
2.30827e-12
4.14315e-07
8.45661e-09
2.58369e-11
4.77335e-07
4.95157e-08
7.10082e-08
1.11171e-07
1.21067e-07
7.98579e-08
4.30645e-09
5.67444e-07
8.34801e-18
2.62917e-08
2.82178e-08
2.97264e-08
2.24903e-07
4.45762e-08
5.66944e-07
4.72222e-07
5.16527e-07
1.0611e-11
4.57779e-08
2.37651e-08
2.32872e-07
6.64692e-08
2.83437e-07
1.51383e-08
5.78539e-08
9.42981e-08
2.68959e-08
2.11508e-09
5.88315e-08
3.63076e-07
2.54839e-08
9.89956e-08
3.73502e-07
4.25693e-08
5.25459e-08
1.88092e-12
3.31983e-07
2.27209e-12
1.0779e-06
5.95956e-09
1.47666e-08
4.1909e-08
9.18934e-08
4.25995e-10
2.51575e-07
1.67572e-08
3.7801e-07
1.343e-08
1.29406e-07
1.15334e-09
4.03724e-08
4.21781e-07
6.64121e-09
2.93887e-07
7.09473e-08
2.36673e-08
4.35856e-08
9.53989e-08
6.74784e-10
6.30709e-08
1.96046e-08
8.34801e-18
1.69089e-07
4.86329e-08
3.18249e-10
1.05813e-07
3.95055e-09
2.81591e-07
4.3284e-10
2.18395e-07
1.66725e-09
1.0978e-08
1.04822e-07
2.6569e-13
6.62284e-09
3.85762e-09
1.34816e-08
9.87323e-09
1.89078e-07
1.61902e-08
5.42127e-08
2.52356e-07
1.93045e-08
1.69201e-07
8.34801e-18
1.55004e-07
1.20136e-10
4.00624e-09
1.65875e-07
7.52116e-10
2.6569e-13
2.43151e-08
5.90847e-07
1.3098e-14
1.21404e-07
1.23213e-07
1.17055e-08
8.34801e-18
2.35528e-07
8.34801e-18
2.77315e-07
2.10805e-08
4.07204e-08
1.28504e-07
7.57185e-08
3.12817e-12
1.01803e-08
2.56783e-09
5.68969e-08
5.20753e-09
8.34801e-18
2.92797e-08
4.45513e-11
1.33462e-07
2.21026e-08
1.45893e-08
1.73023e-08
1.36433e-08
2.77367e-07
5.01697e-11
8.34801e-18
3.30895e-09
2.82922e-08
1.39705e-07
2.30299e-09
7.73126e-09
2.531e-10
2.07498e-10
1.34957e-07
1.26927e-08
2.54542e-08
9.78038e-11
5.30129e-08
9.74855e-10
8.09757e-16
8.34801e-18
1.53283e-10
1.80319e-08
1.52729e-12
1.04805e-09
8.34801e-18
2.00552e-07
1.1552e-07
8.34801e-18
1.92422e-14
7.06346e-08
8.35456e-10
5.946e-08
7.97467e-08
1.1963e-08
7.84111e-11
8.60264e-11
1.90132e-08
2.05614e-13
3.55295e-11
4.07204e-08
8.09757e-16
8.09757e-16
1.68014e-09
8.34801e-18
5.01477e-12
3.78477e-08
9.86602e-13
1.18902e-08
2.89598e-10
1.03308e-10
1.43475e-08
4.76559e-08
1.98028e-11
2.08932e-08
7.55687e-12
1.35766e-08
7.38913e-10
7.44963e-08
1.68413e-08
1.18492e-08
2.09566e-08
1.07333e-09
1.57737e-08
1.25181e-08
1.92422e-14
8.34801e-18
2.05614e-13
7.28412e-10
1.97784e-10
2.34436e-12
2.65644e-12
4.56019e-10
1.56352e-08
8.09757e-16
3.04933e-10
6.46171e-09
2.28098e-10
7.51289e-09
2.40423e-10
6.07691e-09
6.82162e-08
6.9218e-09
8.09757e-16
1.71378e-08
1.3325e-13
5.57315e-08
6.60731e-11
2.21758e-09
4.40864e-09
1.98585e-09
2.04289e-08
1.9688e-08
7.41502e-09
8.34801e-18
3.08059e-11
3.77836e-08
8.09757e-16
5.31566e-11
3.37341e-09
3.03903e-08
5.78358e-13
1.3098e-14
8.34801e-18
8.34801e-18
3.25688e-11
5.65389e-10
8.09757e-16
8.34801e-18
1.35735e-08
8.09757e-16
4.14313e-11
8.34801e-18
2.0408e-08
6.81638e-10
6.79827e-12
8.34801e-18
8.33188e-10
1.42796e-09
3.46292e-11
1.92042e-08
3.67027e-10
8.91306e-10
8.34801e-18
2.11324e-08
3.51477e-10
6.49051e-09
7.38726e-09
8.34801e-18
4.87741e-10
8.09757e-16
1.17017e-11
6.14199e-13
1.45538e-13
9.47163e-09
8.34801e-18
8.09757e-16
2.50913e-09
2.68887e-09
1.03308e-10
8.68862e-12
8.70328e-09
8.34801e-18
3.73554e-13
3.98131e-13
1.92422e-14
8.34801e-18
1.96062e-09
3.21271e-09
8.34801e-18
3.98131e-13
8.09757e-16
8.34801e-18
1.1306e-11
6.18103e-09
8.22661e-10
3.01861e-09
8.09757e-16
3.12817e-12
3.76746e-14
8.09757e-16
8.34801e-18
1.19692e-10
2.89584e-13
1.29005e-12
4.53812e-10
1.61899e-10
8.09757e-16
2.05614e-13
1.17428e-09
2.05614e-13
1.44941e-10
8.34801e-18
6.80736e-10
1.46361e-11
3.98131e-13
8.09757e-16
8.34801e-18
8.34801e-18
1.92422e-14
1.35622e-09
8.34801e-18
2.37142e-12
8.68862e-12
1.92422e-14
2.32321e-10
1.03308e-10
1.83181e-09
1.92422e-14
8.09757e-16
8.09757e-16
8.34801e-18
3.42924e-12
8.09757e-16
8.09757e-16
3.76746e-14
6.20495e-11
5.78358e-13
6.40536e-10
8.36412e-13
8.34801e-18
8.34801e-18
2.67471e-11
1.92422e-14
8.34801e-18
4.35393e-12
8.34801e-18
8.34801e-18
8.09757e-16
8.34801e-18
1.28694e-11
2.27824e-12
3.76746e-14
8.34801e-18
1.3098e-14
8.34801e-18
2.08686e-13
8.34801e-18
8.34801e-18
8.34801e-18
1.09356e-13
8.09757e-16
2.36795e-10
6.25554e-12
8.34801e-18
8.32816e-12
1.09091e-10
3.98131e-13
8.34801e-18
2.53863e-14
8.34801e-18
8.34801e-18
8.34801e-18
6.25554e-12
2.44825e-11
8.09757e-16
3.76746e-14
8.34801e-18
8.34801e-18
8.32816e-12
4.7236e-12
2.89584e-13
8.34801e-18
1.3098e-14
3.85842e-13
8.34801e-18
8.09757e-16
8.09757e-16
8.34801e-18
8.34801e-18
8.34801e-18
8.34801e-18
1.92422e-14
8.09757e-16
8.34801e-18
8.34801e-18
8.09757e-16
8.34801e-18
3.76746e-14
8.34801e-18
8.09757e-16
8.34801e-18
8.09757e-16
8.34801e-18
8.09757e-16
8.34801e-18
8.34801e-18
8.34801e-18
8.34801e-18
8.34801e-18
8.34801e-18
8.34801e-18
8.34801e-18
8.34801e-18
8.34801e-18
8.34801e-18
2.06387e-10
1.01287e-10
2.12465e-10
4.54337e-12
8.34801e-18
5.40357e-10
5.61292e-12
8.09757e-16
1.87613e-10
1.22247e-12
2.05614e-13
3.76746e-14
1.13199e-11
5.14755e-11
4.04536e-11
9.8601e-12
6.37904e-12
1.13604e-11
4.46068e-12
8.09757e-16
1.03221e-12
8.09757e-16
6.8199e-13
2.2482e-12
8.30405e-13
8.34801e-18
3.98131e-13
1.92422e-14
8.34801e-18
2.95728e-13
8.34801e-18
3.76746e-14
8.34801e-18
1.155e-13
9.05363e-13
8.34801e-18
8.09757e-16
2.05614e-13
1.54413e-13
1.92422e-14
8.76469e-14
1.92422e-14
8.34801e-18
1.0026e-14
8.34801e-18
8.34801e-18
8.09757e-16
1.3098e-14
8.34801e-18
8.34801e-18
8.34801e-18
8.09757e-16
8.34801e-18
8.34801e-18
8.34801e-18
8.34801e-18
8.34801e-18
8.34801e-18
8.34801e-18
